0.125 4.11883e-05
0.375 5.70742e-05
0.625 7.49528e-05
0.875 8.66592e-05
1.125 8.65851e-05
1.375 8.04733e-05
1.625 7.70444e-05
1.875 7.31742e-05
2.125 7.13835e-05
2.375 6.09907e-05
2.625 5.50419e-05
2.875 4.55195e-05
3.125 3.65803e-05
3.375 2.75053e-05
3.625 1.92847e-05
3.875 1.28478e-05
4.125 7.1894e-06
4.375 3.70973e-06
4.625 2.12774e-06
4.875 1.32899e-06
5.125 7.42143e-07
5.375 5.56273e-07
5.625 5.19994e-07
5.875 4.56687e-07
6.125 3.81896e-07
6.375 5.51499e-07
6.625 3.22185e-07
6.875 3.87053e-07
7.125 3.07393e-07
7.375 2.89432e-07
7.625 2.56811e-07
7.875 2.9447e-07
8.125 2.30367e-07
8.375 2.4555e-07
8.625 2.37367e-07
8.875 1.71244e-07
9.125 1.57311e-07
9.375 1.78065e-07
9.625 2.52647e-07
9.875 2.15692e-07
10.125 1.43527e-07
10.375 1.50102e-07
10.625 1.39197e-07
10.875 1.42829e-07
11.125 1.02529e-07
11.375 1.10398e-07
11.625 1.05221e-07
11.875 9.72092e-08
12.125 1.0174e-07
12.375 1.48384e-07
12.625 1.29025e-07
12.875 9.31352e-08
13.125 9.1151e-08
13.375 7.60645e-08
13.625 7.84857e-08
13.875 7.50053e-08
14.125 6.88994e-08
14.375 5.48287e-08
14.625 7.32015e-08
14.875 9.56183e-08
15.125 7.27489e-08
15.375 6.50909e-08
15.625 3.50131e-08
15.875 3.35782e-08
16.125 2.74483e-08
16.375 6.81093e-08
16.625 2.67316e-08
16.875 2.47663e-08
17.125 1.8337e-08
17.375 1.89113e-08
17.625 1.97072e-08
17.875 2.04736e-08
18.125 1.82259e-08
18.375 1.60211e-08
18.625 1.43456e-08
18.875 1.43335e-08
19.125 9.71953e-09
19.375 1.40934e-08
19.625 1.32951e-08
19.875 1.20372e-08
20.125 9.71955e-09
20.375 1.66265e-08
20.625 9.95131e-09
20.875 9.49279e-09
21.125 1.13484e-08
21.375 1.08507e-08
21.625 8.06709e-09
21.875 6.85142e-09
22.125 9.95649e-09
22.375 7.43001e-09
22.625 7.53273e-09
22.875 9.99115e-09
23.125 1.14654e-08
23.375 3.8732e-09
23.625 6.54078e-09
23.875 7.65737e-09
24.125 6.24799e-09
24.375 8.73595e-09
24.625 8.33806e-09
24.875 8.23198e-09
25.125 6.14182e-09
25.375 3.9857e-09
25.625 4.80153e-09
25.875 4.39344e-09
26.125 3.52483e-09
26.375 5.30429e-09
26.625 4.41797e-09
26.875 3.35009e-09
27.125 3.32939e-09
27.375 3.95828e-09
27.625 4.40924e-09
27.875 4.87402e-09
28.125 4.45825e-09
28.375 1.63058e-09
28.625 2.16867e-09
28.875 2.51456e-09
29.125 2.11711e-09
29.375 3.10285e-09
29.625 2.63304e-09
29.875 1.32039e-09
30.125 5.99355e-09
30.375 3.33552e-09
30.625 2.15461e-09
30.875 1.70326e-09
31.125 3.01467e-09
31.375 1.15109e-09
31.625 2.64206e-09
31.875 2.89835e-09
32.125 0
32.375 1.88761e-09
32.625 7.68796e-10
32.875 0
33.125 1.12363e-09
33.375 6.27876e-10
33.625 2.25938e-09
33.875 1.20707e-09
34.125 2.30206e-09
34.375 0
34.625 1.54262e-09
34.875 1.27338e-09
35.125 1.43961e-09
35.375 6.86741e-10
35.625 2.75673e-09
35.875 0
36.125 0
36.375 0
36.625 1.84852e-09
36.875 2.19415e-09
37.125 2.2989e-09
37.375 2.03814e-09
37.625 0
37.875 1.01409e-09
38.125 0
38.375 8.41341e-10
38.625 0
38.875 6.44202e-10
39.125 1.63521e-09
39.375 0
39.625 0
39.875 0
40.125 7.01807e-10
40.375 0
40.625 0
40.875 0
41.125 1.45772e-09
41.375 0
41.625 0
41.875 1.17451e-09
42.125 0
42.375 0
42.625 0
42.875 0
43.125 1.03261e-09
43.375 1.99751e-09
43.625 7.34927e-10
43.875 7.10227e-10
44.125 0
44.375 0
44.625 0
44.875 0
45.125 0
45.375 0
45.625 1.05603e-09
45.875 0
46.125 0
46.375 0
46.625 0
46.875 1.69769e-09
47.125 7.40467e-10
47.375 0
47.625 0
47.875 2.18238e-09
48.125 0
48.375 0
48.625 0
48.875 0
49.125 0
49.375 0
49.625 0
49.875 0
50.125 0
50.375 0
50.625 2.42155e-09
50.875 0
51.125 1.05249e-09
51.375 0
51.625 0
51.875 0
52.125 0
52.375 0
52.625 0
52.875 0
53.125 0
53.375 0
53.625 0
53.875 0
54.125 0
54.375 0
54.625 0
54.875 0
55.125 0
55.375 0
55.625 0
55.875 0
56.125 0
56.375 0
56.625 0
56.875 1.03195e-09
57.125 0
57.375 0
57.625 0
57.875 0
58.125 0
58.375 0
58.625 0
58.875 0
59.125 0
59.375 0
59.625 0
59.875 0
60.125 0
60.375 0
60.625 0
60.875 0
61.125 0
61.375 0
61.625 0
61.875 0
62.125 0
62.375 0
62.625 0
62.875 0
63.125 0
63.375 0
63.625 0
63.875 0
64.125 0
64.375 0
64.625 0
64.875 0
65.125 0
65.375 0
65.625 0
65.875 0
66.125 0
66.375 0
66.625 0
66.875 0
67.125 0
67.375 0
67.625 0
67.875 0
68.125 0
68.375 0
68.625 0
68.875 0
69.125 0
69.375 0
69.625 0
69.875 0
70.125 0
70.375 0
70.625 0
70.875 0
71.125 0
71.375 0
71.625 0
71.875 0
72.125 0
72.375 0
72.625 0
72.875 0
73.125 0
73.375 0
73.625 0
73.875 0
74.125 0
74.375 0
74.625 0
74.875 0
75.125 0
75.375 0
75.625 0
75.875 0
76.125 0
76.375 0
76.625 0
76.875 0
77.125 0
77.375 0
77.625 0
77.875 0
78.125 0
78.375 0
78.625 0
78.875 0
79.125 0
79.375 0
79.625 0
79.875 0
80.125 0
80.375 0
80.625 0
80.875 0
81.125 0
81.375 0
81.625 0
81.875 0
82.125 0
82.375 0
82.625 0
82.875 0
83.125 0
83.375 0
83.625 0
83.875 0
84.125 0
84.375 0
84.625 0
84.875 0
85.125 0
85.375 0
85.625 0
85.875 0
86.125 0
86.375 0
86.625 0
86.875 0
87.125 0
87.375 0
87.625 0
87.875 0
88.125 0
88.375 0
88.625 0
88.875 0
89.125 0
89.375 0
89.625 0
89.875 0
90.125 0
90.375 0
90.625 0
90.875 0
91.125 0
91.375 0
91.625 0
91.875 0
92.125 0
92.375 0
92.625 0
92.875 0
93.125 0
93.375 0
93.625 0
93.875 0
94.125 0
94.375 0
94.625 0
94.875 0
95.125 0
95.375 0
95.625 0
95.875 0
96.125 0
96.375 0
96.625 0
96.875 0
97.125 0
97.375 0
97.625 0
97.875 0
98.125 0
98.375 0
98.625 0
98.875 0
99.125 0
99.375 0
99.625 0
99.875 0
100.125 0
100.375 0
100.625 0
100.875 0
101.125 0
101.375 0
101.625 0
101.875 0
102.125 0
102.375 0
102.625 0
102.875 0
103.125 0
103.375 0
103.625 0
103.875 0
104.125 0
104.375 0
104.625 0
104.875 0
105.125 0
105.375 0
105.625 0
105.875 0
106.125 0
106.375 0
106.625 0
106.875 0
107.125 0
107.375 0
107.625 0
107.875 0
108.125 0
108.375 0
108.625 0
108.875 0
109.125 0
109.375 0
109.625 0
109.875 0
110.125 0
110.375 0
110.625 0
110.875 0
111.125 0
111.375 0
111.625 0
111.875 0
112.125 0
112.375 0
112.625 0
112.875 0
113.125 0
113.375 0
113.625 0
113.875 0
114.125 0
114.375 0
114.625 0
114.875 0
115.125 0
115.375 0
115.625 0
115.875 0
116.125 0
116.375 0
116.625 0
116.875 0
117.125 0
117.375 0
117.625 0
117.875 0
118.125 0
118.375 0
118.625 0
118.875 0
119.125 0
119.375 0
119.625 0
119.875 0
120.125 0
120.375 0
120.625 0
120.875 0
121.125 0
121.375 0
121.625 0
121.875 0
122.125 0
122.375 0
122.625 0
122.875 0
123.125 0
123.375 0
123.625 0
123.875 0
124.125 0
124.375 0
124.625 0
124.875 0
125.125 0
125.125 0
